WT21-B37-76 0.002694470870550151 5 2568
WT21-B37-75 0.0015331771248556713 1 1704
WT25-B39-116 0.0014685088124133199 1 169
WT23-B21-53 0.0013735336119119234 1 198
WT24-B26-10 0.0012762152428474147 1 291
WT24-B40-171 0.001245258980325911 209 270
WT23-B39-340 0.0012428610383030873 395 274
WT23-B37-134 0.001205427413207401 2 207
WT08-B18-400 0.001144776434644952 0 990
WT13-B06-284 0.0011365503403037115 2 454
WT13-B06-273 0.0010549175456409372 11 452
WT01-B18-225 0.0009553812179191875 0 1137
WT04-B27-720 0.000940955879287398 27 291
WT24-B26-46 0.0008622309394694667 3 179
WT23-B19-156 0.0008250669167280537 12 364
WT04-B30-12 0.0008166209010143418 8 241
WT25-B15-307 0.0007972229995177352 8 605
WT07-B18-256 0.0007750022278942772 169 169
WT24-B40-167 0.00070760554822327 152 153
WT14-B03-220 0.0006988599395795964 162 163
WT18-B31-240 0.0006942192370506786 31 259
WT14-B03-227 0.0006852821129713064 147 148
WT04-B40-202 0.0006846752237565734 36 322
WT08-B19-222 0.0006495321299172219 1 1041
WT23-B20-363 0.0006396307380348026 193 181
WT27-B28-203 0.000627078907495545 2 589
WT13-B39-295 0.0006215355409771684 19 443
WT13-B15-160 0.0006198581853723966 0 484
WT12-B30-56 0.0006024579449205182 7 174
WT10-B02-288 0.0005844502498671992 18 193
WT14-B36-337 0.0005617099738957646 5 417
WT21-B40-37 0.0005471871366206692 0 201
WT21-B35-155 0.0005456991786476572 7 174
WT23-B01-40 0.0005408477276599333 39 147
WT08-B08-60 0.0005361182601706601 39 175
WT22-B38-403 0.000533576344947676 27 273
WT13-B39-321 0.0005328898060367022 19 52
WT04-B22-268 0.0005328513528529823 109 113
WT14-B02-400 0.0005327773382139386 114 115
WT18-B14-66 0.0005295550365327661 135 150
WT06-B14-69 0.0005191646219278508 1 57
WT23-B38-120 0.0005186725776562801 395 116
WT06-B35-151 0.0005169263344064961 11 255
WT10-B33-300 0.0005167736608356712 0 406
WT14-B36-323 0.0005158644840761868 13 368
WT14-B36-334 0.0005158644840761868 6 368
WT14-B36-335 0.0005158644840761868 6 368
WT14-B36-336 0.0005158644840761868 5 368
WT06-B35-161 0.0005150203745253311 11 253
WT27-B20-494 0.0005144758741822335 15 121
WT23-B38-87 0.0005138135064904477 1 1
WT27-B34-57 0.0005064132958536438 623 630
WT27-B32-30 0.0005006795689886972 0 628
WT04-B40-238 0.0004983022524666296 21 311
WT23-B27-31 0.000494400931159853 42 194
WT07-B15-48 0.0004893720207469397 12 235
WT21-B40-442 0.00048620052287685 0 4
WT11-B02-164 0.00048318932112376584 20 183
WT21-B37-70 0.0004762754879574919 25 3
WT21-B37-72 0.00047560792435160363 2 2
WT22-B14-357 0.00047460258214961434 7 280
WT04-B34-218 0.000462878662240593 24 141
WT14-B03-221 0.0004623363572032065 104 105
WT12-B09-105 0.0004504805521224893 500 234
WT15-B07-95 0.00044012854365161 18 205
WT21-B03-285 0.0004220362055412233 15 189
WT18-B28-345 0.00042135578505356273 30 250
WT27-B28-177 0.00041950314390700003 20 461
WT11-B19-232 0.00041644834137394407 9 161
WT11-B19-250 0.00041560363448294395 2 160
WT20-B39-148 0.0004134342589096788 8 168
WT25-B31-102 0.0004089296472135478 90 90
WT23-B23-51 0.00040283627851093903 136 400
WT21-B01-46 0.00039403343313850435 6 154
WT14-B14-78 0.00039195006137872736 1 64
WT06-B09-17 0.0003894375006888296 94 101
WT23-B27-29 0.0003854902454031076 0 388
WT06-B14-163 0.0003749887285394136 1 44
WT10-B30-205 0.0003727555559806209 10 157
WT12-B37-314 0.0003724033341833997 1 45
WT13-B02-184 0.0003711943852501255 20 159
WT13-B16-437 0.0003701755065557299 12 291
WT08-B24-319 0.00036910434714609625 1 287
WT12-B34-116 0.0003688753936349693 4 178
WT24-B26-2 0.00036801696199219525 2 320
WT25-B17-38 0.0003641552702288177 43 161
WT20-B03-150 0.00036290598082668496 33 145
WT14-B04-105 0.00035978836168873933 78 79
WT07-B23-234 0.0003568192504884396 21 234
WT14-B14-85 0.0003549224981584421 1 4
WT22-B14-364 0.00035164098991291673 13 189
WT16-B01-282 0.00034868522962235433 12 58
WT18-B14-71 0.00034787139552344253 89 100
WT13-B16-450 0.00034617853980003604 11 291
WT25-B23-127 0.0003460123824893866 328 169
WT09-B39-178 0.00034563574767843474 7 77
WT12-B17-278 0.0003450705907434242 23 78
WT13-B30-412 0.00034476151732788416 74 75
WT21-B40-447 0.0003426362552095321 15 779
WT23-B30-88 0.0003392171451578466 10 477
WT04-B29-48 0.0003378114244579924 68 68
WT13-B30-408 0.00033621332071480034 51 114
WT18-B31-187 0.0003340999012575497 19 159
WT08-B24-317 0.0003317682256461476 1 2
WT07-B14-24 0.0003293564669983874 70 70
WT11-B13-4 0.00032720299050070876 1 40
WT12-B40-248 0.0003271652655009136 3 357
WT24-B33-59 0.00032589151033012676 56 53
WT13-B25-82 0.00032407730412022903 137 146
WT18-B14-62 0.0003231764162794847 57 76
WT06-B39-355 0.000322429937395998 7 178
WT13-B16-460 0.000320140507453076 10 199
WT18-B14-68 0.0003185247445907172 74 81
WT26-B25-680 0.0003175116019488561 2 81
WT15-B01-16 0.000317444304819109 1 37
WT25-B31-56 0.0003173174834224741 73 72
WT26-B22-336 0.0003172286490202781 9 164
WT23-B18-180 0.00031711070017901205 44 74
WT26-B25-679 0.0003158333692288283 2 80
WT04-B33-221 0.0003155655327396007 17 81
WT04-B38-204 0.0003153148987674448 11 281
WT25-B19-180 0.00031394043379649755 8 8
WT17-B29-66 0.000311501203499519 5 175
WT17-B29-69 0.000311501203499519 5 175
WT17-B29-70 0.000311501203499519 5 175
WT27-B19-302 0.00031132329156234806 9 213
WT17-B29-67 0.0003110716902063423 7 172
WT17-B29-68 0.0003105153588014869 5 172
WT09-B28-263 0.0003097963438331979 0 258
WT24-B11-329 0.0003094012197849741 52 53
WT07-B14-20 0.00030159135079306054 64 64
WT05-B09-121 0.00030118820234699444 1 34
WT01-B11-115 0.00030115869413700216 10 73
WT08-B02-134 0.00030094430436837364 75 74
WT04-B30-256 0.0002968220348169185 9 301
WT18-B18-148 0.00029488040733404965 11 165
WT13-B30-405 0.0002940262520003234 20 186
WT07-B14-25 0.0002923363120579511 62 62
WT18-B40-82 0.0002910896648597868 0 576
WT12-B40-235 0.00029067670797110147 12 355
WT13-B16-451 0.0002905937919690973 3 291
WT02-B03-141 0.0002863389075070048 53 54
WT08-B24-320 0.00028479067517224156 0 2
WT10-B14-65 0.0002838511690066384 2 87
WT27-B25-363 0.0002827354883736981 1 37
WT15-B34-52 0.0002825070282500859 14 264
WT27-B28-200 0.0002823035991654911 1 4
WT04-B38-159 0.00028134037176730627 36 254
WT18-B38-25 0.00028051557654521316 1 155
WT24-B26-381 0.00027902855087159016 10 4
WT15-B34-57 0.0002774788839300872 6 264
WT19-B34-131 0.0002768221213011216 2 134
WT12-B33-212 0.000275340561114973 0 209
WT15-B34-56 0.0002740362231363236 4 264
WT01-B01-33 0.00027397496156253035 11 122
WT25-B29-410 0.0002735110141835887 2 113
WT27-B28-171 0.0002733666137170491 26 3
WT24-B02-93 0.00027209962535197527 77 76
WT23-B27-41 0.0002719599117809485 1 193
WT15-B34-58 0.00027114327888849243 4 263
WT13-B34-124 0.0002685863582547248 4 93
WT16-B27-21 0.00026780871505066 56 58
WT07-B11-415 0.00026613048948624706 55 55
WT02-B16-121 0.00026585441766507857 2 107
WT02-B16-122 0.00026585441766507857 3 107
WT24-B26-382 0.0002655457929307192 5 3
WT10-B39-186 0.00026519127483879437 9 97
WT02-B29-123 0.0002616055496144556 10 184
WT02-B29-124 0.0002616055496144556 5 184
WT02-B29-125 0.0002616055496144556 3 184
WT12-B17-36 0.00026089867043716105 0 213
WT02-B28-19 0.00026000838379357894 10 183
WT02-B28-20 0.00026000838379357894 5 183
WT02-B28-21 0.00026000838379357894 3 183
WT13-B14-26 0.00025968820665473813 10 137
WT13-B25-53 0.0002586041255209151 19 69
WT27-B27-452 0.0002584624799989965 18 142
WT17-B22-102 0.000257913762859588 1 19
WT27-B04-182 0.00025703318663711954 17 152
WT11-B06-41 0.000255952828165184 1 95
WT07-B17-219 0.0002521533831282319 4 79
WT04-B38-150 0.00025186095495813456 6 229
WT18-B39-107 0.0002484172252286276 6 124
WT18-B24-215 0.00024716594518669495 9 77
WT14-B20-107 0.000246813809892585 4 94
WT13-B16-438 0.00024626942899504193 10 198
WT27-B04-181 0.0002438892450977772 3 208
WT13-B16-461 0.00024375610567479715 2 199
WT07-B40-402 0.00024330474227031025 1 52
WT12-B24-131 0.00024296064581062329 16 84
WT24-B12-246 0.0002427906094290437 51 54
WT24-B28-186 0.0002424160699177011 34 154
WT24-B13-88 0.00024162619824580562 51 52
WT27-B29-141 0.00024146491516797373 0 1
WT20-B02-231 0.00024050122940630337 11 107
WT18-B38-24 0.00023994509594073732 13 1
WT19-B34-114 0.00023614993287277944 14 78
WT07-B22-386 0.00023484243323824774 8 114
WT12-B12-11 0.0002339465327436495 80 73
WT12-B40-254 0.00023265007872534337 17 334
WT07-B14-21 0.00023217856027974416 49 49
WT07-B02-55 0.00023206968838546398 5 266
WT06-B14-159 0.00023205580510510818 1 27
WT02-B15-103 0.0002316096995007363 45 110
WT22-B07-427 0.00023150617134335094 140 108
WT14-B02-106 0.00023122811537650904 10 89
WT04-B35-13 0.0002311667823878593 1 130
WT27-B25-361 0.00023074532329613569 214 118
WT22-B07-425 0.00023055572167509484 2 144
WT08-B09-307 0.00023028443142245213 6 240
WT14-B12-412 0.00022795324020482354 1 10
WT24-B18-75 0.00022725018448882712 7 91
WT05-B15-106 0.00022461526359681883 37 39
WT12-B17-270 0.00022431973920683624 8 183
WT08-B09-311 0.00022389123141556514 187 232
WT13-B31-359 0.0002207773987239749 53 53
WT11-B06-47 0.0002205784819649421 7 3
WT10-B14-91 0.00021899843261086334 1 88
WT01-B01-261 0.00021722370975928816 2 76
WT24-B28-188 0.00021648589827353573 5 166
WT01-B01-252 0.00021617517597577758 9 76
WT02-B28-217 0.00021566247603742577 9 162
WT02-B28-218 0.00021566247603742577 4 162
WT02-B28-219 0.00021566247603742577 6 162
WT02-B28-220 0.00021566247603742577 4 162
WT23-B30-103 0.0002153202683271297 7 58
WT02-B28-264 0.00021507922541139457 9 163
WT02-B28-265 0.00021507922541139457 4 163
WT02-B28-266 0.00021507922541139457 6 163
WT02-B28-267 0.00021507922541139457 4 163
WT23-B30-98 0.00021391869493158792 8 155
WT25-B13-353 0.00021251348847353558 1 40
WT12-B30-421 0.00021250014010200423 12 109
WT26-B22-334 0.00021191831373326995 7 11
WT15-B34-80 0.000211663309931664 4 133
WT08-B01-1 0.00021050242828625132 1 3
WT14-B25-212 0.00020974037121363663 44 45
WT15-B37-80 0.00020970861913715183 44 45
WT15-B34-82 0.00020918740886493513 4 132
WT24-B23-99 0.00020907562403921567 44 46
WT24-B28-187 0.00020889773276704056 4 166
WT24-B28-189 0.00020889773276704056 4 166
WT10-B35-224 0.00020841804864730966 23 102
WT15-B34-81 0.00020822064913790026 6 133
WT24-B04-120 0.00020632888690703304 7 86
WT18-B36-78 0.00020557841623255086 15 116
WT13-B06-280 0.0002052006849161629 2 273
WT24-B28-190 0.0002049601179897531 4 155
WT23-B30-105 0.00020470542541876918 64 379
WT04-B18-119 0.0002045659141903943 1 35
WT10-B14-735 0.0002041882990565851 0 2
WT08-B31-104 0.0002037822410944253 42 42
WT15-B34-53 0.00020362525867016743 14 134
WT12-B17-255 0.00020254629413802387 23 194
WT23-B18-107 0.0002024999672765252 2 136
WT10-B36-88 0.0002022767505507015 3 102
WT27-B21-1 0.00020115201115339772 44 45
WT25-B13-334 0.00020056605730015527 64 64
WT02-B03-137 0.00020056088311028278 17 138
WT23-B20-268 0.0002004951185914765 22 18
WT27-B25-360 0.00019995106404484378 59 33
WT08-B09-310 0.00019956668236709437 0 233
WT17-B12-3 0.0001992850835929567 41 42
WT25-B01-250 0.00019857050462050314 41 42
WT07-B02-9 0.0001962742586510138 18 254
WT27-B07-331 0.00019542771178843117 19 75
WT24-B02-91 0.00019487473357779778 58 57
WT22-B07-426 0.00019285846772580553 36 38
WT14-B13-292 0.0001910740113679399 37 114
WT12-B24-142 0.00019103331096804993 40 41
WT04-B29-34 0.00018918405186870658 15 98
WT24-B09-109 0.00018886419863468093 8 96
WT16-B27-59 0.00018768289979183796 7 109
WT24-B02-98 0.00018692320676274275 56 55
WT03-B24-155 0.00018628601590750985 8 79
WT12-B40-13 0.00018557289527802 11 209
WT07-B40-281 0.00018524812532080094 7 45
WT25-B13-354 0.00018494634501899402 1 35
WT07-B23-109 0.00018420815338288308 4 38
WT10-B33-180 0.00018201592042502255 7 75
WT03-B23-47 0.00018197966240305764 18 65
WT22-B11-415 0.00018182988447815472 11 67
WT27-B19-54 0.00018124842895872085 5 138
WT23-B33-14 0.00018056871195110645 7 90
WT24-B26-3 0.0001804972074394521 3 173
WT21-B37-71 0.000180224711982044 23 560
WT23-B14-50 0.00017990834187963116 12 185
WT23-B14-51 0.00017990834187963116 7 185
WT23-B14-53 0.00017990834187963116 8 185
WT23-B14-55 0.00017990834187963116 43 185
WT23-B14-56 0.00017990834187963116 7 185
WT25-B17-39 0.0001791484228862155 40 126
WT18-B26-434 0.00017885617213075886 62 64
WT27-B34-206 0.00017790707526394594 0 192
WT02-B28-270 0.00017695238224940788 6 126
WT02-B28-271 0.00017695238224940788 5 126
WT02-B28-272 0.00017695238224940788 6 126
WT02-B28-273 0.00017695238224940788 4 126
WT23-B14-52 0.0001768499353100349 8 183
WT23-B14-54 0.0001768499353100349 11 183
WT07-B14-22 0.00017664832786909153 37 37
WT02-B28-216 0.00017664715558759494 6 125
WT02-B28-224 0.00017664715558759494 5 125
WT02-B28-225 0.00017664715558759494 6 125
WT02-B28-226 0.00017664715558759494 4 125
WT10-B17-351 0.00017594739007773663 34 35
WT07-B17-239 0.0001758600502173273 12 37
WT13-B27-94 0.00017584548441981068 61 69
WT27-B38-273 0.00017545793974626422 10 123
WT27-B38-275 0.00017545793974626422 5 123
WT17-B34-498 0.00017444376753143255 21 356
WT17-B34-499 0.00017444376753143255 55 356
WT17-B34-500 0.00017444376753143255 52 356
WT17-B34-501 0.00017444376753143255 14 356
WT17-B34-502 0.00017444376753143255 17 356
WT17-B34-503 0.00017444376753143255 35 356
WT17-B34-504 0.00017444376753143255 21 356
WT17-B34-505 0.00017444376753143255 38 356
WT17-B34-506 0.00017444376753143255 22 356
WT17-B34-507 0.00017444376753143255 16 356
WT17-B34-508 0.00017444376753143255 13 356
WT17-B34-509 0.00017444376753143255 13 356
WT22-B14-452 0.00017436475353394562 110 106
WT24-B08-146 0.00017427581077452938 13 159
WT23-B14-244 0.00017374425322538937 16 49
WT02-B21-184 0.00017255524606412967 10 67
WT23-B29-120 0.00017250328490381556 20 68
WT12-B40-9 0.0001722617593298077 11 208
WT12-B40-12 0.0001722617593298076 11 208
WT13-B15-101 0.00017204975581880643 9 106
WT07-B02-32 0.00017201511885188466 162 165
WT23-B28-562 0.00017175761988015754 20 68
WT27-B20-291 0.00017157604918466903 9 36
WT02-B23-167 0.00017140702702128326 32 34
WT12-B40-14 0.00017103492652352078 10 208
WT12-B40-3 0.0001695589906093584 9 208
WT01-B12-77 0.00016948880112932675 59 70
WT27-B20-174 0.0001694842594301024 9 107
WT07-B40-166 0.00016864834790835924 4 75
WT07-B40-167 0.00016864834790835924 4 75
WT07-B40-168 0.00016864834790835924 4 75
WT13-B39-334 0.0001683641383061266 146 145
WT13-B39-315 0.00016833956872325053 146 145
WT12-B40-11 0.0001677495098558373 8 208
WT13-B17-278 0.00016759040508717259 10 219
WT18-B38-182 0.0001670740031261941 8 81
WT11-B04-34 0.00016617612590248744 33 36
WT13-B21-124 0.00016594876862743136 8 65
WT07-B19-144 0.00016563794052150833 37 38
WT14-B34-172 0.0001655723403683952 19 43
WT12-B39-315 0.00016553820484583017 8 97
WT10-B40-320 0.00016519616186980873 2 29
WT12-B06-139 0.0001650552498069914 1 19
WT02-B23-166 0.00016354842370922665 13 85
WT27-B21-3 0.00016252516962369894 34 35
WT25-B04-649 0.00016248185364744935 25 218
WT25-B04-650 0.00016205491114887934 7 217
WT25-B05-12 0.00016135144368588172 6 217
WT25-B05-34 0.00016135144368588172 0 217
WT27-B18-381 0.00016062725522505796 11 90
WT08-B33-284 0.00016023254490397568 14 166
WT08-B24-243 0.0001600415263034167 9 72
WT23-B28-180 0.00015996545426743517 6 45
WT06-B38-10 0.0001598518734406938 11 50
WT13-B34-256 0.0001594329543822704 21 50
WT12-B40-10 0.00015887306696229784 14 168
WT18-B18-177 0.00015878222350954434 25 98
WT08-B07-159 0.00015868632655181096 11 92
WT24-B11-274 0.00015817573921601187 196 197
WT18-B39-137 0.0001575224687515597 43 60
WT24-B18-182 0.00015749067827556127 3 7
WT24-B08-147 0.0001562959500791543 11 146
WT23-B30-89 0.00015610868542993502 367 367
WT02-B16-103 0.000155856021868145 1 19
WT24-B11-54 0.00015569453720979534 8 209
WT25-B13-371 0.00015520615536250744 1 18
WT23-B32-191 0.00015504600358927118 17 21
WT27-B04-169 0.00015499430911298766 54 141
WT24-B40-140 0.00015499269178672484 8 81
WT12-B40-241 0.00015489649150553017 0 342
WT14-B02-403 0.00015429858272543787 32 33
WT24-B17-197 0.00015422405653099322 0 133
WT05-B11-312 0.00015418761452149277 36 48
WT19-B37-2 0.0001536748986109348 100 110
WT19-B36-96 0.0001535372152937778 9 11
WT23-B31-215 0.00015332328057719743 3 209
WT14-B15-37 0.00015331807116253826 10 96
WT04-B27-721 0.00015331725805381677 27 176
WT02-B16-123 0.0001528662901574213 3 106
WT24-B11-231 0.00015284870968521736 7 198
WT09-B34-124 0.0001528234860926072 4 7
WT19-B37-1 0.0001526639151090792 56 110
WT12-B40-17 0.00015204818283456683 8 201
WT10-B36-90 0.00015194241978238712 2 98
WT20-B39-186 0.00015118482408792567 33 49
WT09-B28-83 0.00015100439955197765 24 146
WT22-B09-181 0.00015069111425221636 9 275
WT01-B06-32 0.0001505091584996789 9 52
WT10-B35-237 0.00015013280650254937 14 97
WT07-B40-97 0.00014964790548215192 46 52
WT23-B29-123 0.00014947190662863125 12 47
WT23-B28-576 0.00014894911916534383 12 47
WT11-B15-220 0.00014835576981271368 41 71
WT08-B23-282 0.00014811207878657998 30 30
WT10-B38-105 0.00014773923119041659 15 117
WT27-B38-271 0.0001476595236840184 5 82
WT27-B38-272 0.0001476595236840184 10 82
WT11-B02-151 0.00014754686635116618 28 126
WT27-B38-274 0.000147350890552522 5 81
WT23-B36-273 0.0001462378661527795 2 26
WT10-B38-108 0.0001461872919804445 11 116
WT10-B38-109 0.0001461872919804445 5 116
WT10-B38-110 0.0001461872919804445 5 116
WT21-B35-163 0.0001461011327915337 141 8
WT09-B34-220 0.00014609134672847996 4 91
WT09-B34-229 0.00014609134672847996 3 91
WT04-B22-262 0.0001456325335992906 62 65
WT18-B31-223 0.0001455017566559239 29 32
WT10-B16-675 0.00014542763757840994 1 124
WT09-B33-104 0.00014537946895241526 57 61
WT16-B27-185 0.00014529693761694296 0 99
WT18-B14-70 0.00014499040350856053 37 43
WT06-B31-160 0.00014471192592505994 39 126
WT16-B26-139 0.0001440488430815841 29 30
WT12-B24-140 0.00014372479039419876 26 27
WT24-B01-154 0.00014351929119497817 15 132
WT24-B01-155 0.00014351929119497817 14 132
WT24-B01-156 0.00014351929119497817 8 132
WT24-B08-157 0.0001434556695554127 10 147
WT09-B33-103 0.00014327968053084102 58 60
WT02-B03-142 0.00014293005291529973 1 5
WT11-B16-268 0.00014291251809175732 18 104
WT11-B16-269 0.00014291251809175732 13 104
WT11-B16-270 0.00014291251809175732 11 104
WT19-B37-223 0.00014272170737286322 10 109
WT27-B19-473 0.00014229340602635746 9 63
WT14-B15-270 0.00014218335368039963 39 37
WT09-B34-230 0.00014109619616817546 22 90
WT04-B38-162 0.00014067927281252433 38 78
WT12-B31-228 0.00014062063095756296 7 114
WT12-B31-239 0.00014062063095756296 7 114
WT12-B31-240 0.00014062063095756296 7 114
WT12-B31-243 0.00014062063095756296 7 114
WT24-B08-158 0.00014046885732350086 10 138
WT12-B31-225 0.0001403644654584209 7 113
WT12-B31-241 0.0001401509942091359 7 112
WT27-B19-320 0.00014004899142820539 64 143
WT12-B31-242 0.00013987782043159555 7 111
WT13-B18-188 0.00013958106927308497 62 177
WT20-B40-44 0.00013950629093215002 1 17
WT10-B32-84 0.00013947182766415342 1 55
WT22-B38-424 0.00013866665310441142 1 76
WT10-B31-580 0.00013811108979533586 13 101
WT10-B31-581 0.00013811108979533586 5 101
WT10-B31-582 0.00013811108979533586 6 101
WT13-B37-273 0.00013803332137419022 12 65
WT27-B08-132 0.00013774288318434456 11 95
WT27-B27-28 0.00013714281337556987 1 45
WT07-B22-391 0.00013677055059654943 20 29
WT22-B09-35 0.00013639020682914443 4 25
WT22-B10-164 0.00013500142045020145 7 273
WT25-B13-303 0.000134831342274986 1 28
WT16-B25-152 0.00013460023059537024 8 55
WT03-B21-27 0.0001343422726667429 12 31
WT03-B17-89 0.00013428236972563284 19 55
WT21-B36-136 0.0001341459819772576 12 176
WT08-B01-172 0.00013384760208473242 4 74
WT25-B13-352 0.00013371324519059364 1 29
WT25-B13-355 0.00013371324519059354 1 29
WT07-B02-14 0.00013349337773194627 88 96
WT04-B18-199 0.00013334506404883686 1 5
WT25-B11-82 0.0001331026584206461 5 110
WT25-B11-83 0.0001331026584206461 5 110
WT25-B11-84 0.0001331026584206461 11 110
WT25-B11-85 0.0001331026584206461 10 110
WT25-B11-86 0.0001331026584206461 16 110
WT21-B36-137 0.00013286515448154748 13 175
WT21-B36-138 0.00013286515448154748 12 175
WT21-B36-139 0.00013286515448154748 15 175
WT21-B36-140 0.00013286515448154748 15 175
WT21-B36-141 0.00013286515448154748 11 175
WT21-B36-142 0.00013286515448154748 14 175
WT21-B36-143 0.00013286515448154748 8 175
WT08-B26-265 0.00013251901983329334 1 32
WT04-B14-128 0.00013241956224509021 11 35
WT18-B14-67 0.0001323990023274108 52 49
WT14-B03-224 0.00013220916945680706 29 30
WT08-B01-106 0.00013207397885490273 11 61
WT22-B13-79 0.00013170870287824532 34 272
WT27-B08-97 0.0001316743207917169 8 93
WT13-B14-28 0.00013101229165169356 20 38
WT24-B02-94 0.00013096260544436615 44 43
WT13-B39-29 0.00013082890315421097 5 45
WT07-B40-170 0.0001306912588555037 3 71
WT14-B02-245 0.0001305581942793668 23 38
WT09-B37-199 0.0001305467799944844 25 41
WT10-B38-127 0.00013049071886806868 9 114
WT25-B30-216 0.00013027197073551698 31 30
WT02-B08-193 0.00013015921025063428 23 50
WT25-B05-10 0.00012990520060986556 5 77
